   0.0303016427
   0.0287470029
   0.0219903915
   0.0278276810
   0.0097086490
   0.0254476414
   0.0108372168
   0.0087438085
   0.0258129385
   0.0146177508
   0.0276030191
   0.0167387462
   0.0116627140
  -0.0137776967
  -0.0071318487
  -0.0253176955
  -0.0197798499
  -0.0350271423
  -0.0215152803
  -0.0315394131
  -0.0334748658
  -0.0059983580
  -0.0329714441
  -0.0188569507
  -0.0216204101
  -0.0152477569
  -0.0083546868
   0.0026104941
   0.0116955705
   0.0007097623
   0.0157933220
   0.0014626253
   0.0033344514
   0.0011295265
   0.0065892656
   0.0127738906
   0.0022938156
   0.0084493366
   0.0048266373
  -0.0010884231
  -0.0017394976
  -0.0080521550
   0.0134803503
   0.0041146578
  -0.0187825166
  -0.0228123242
  -0.0370355794
  -0.0313295798
  -0.0402007542
  -0.0455057747
  -0.0395398680
  -0.0409900555
  -0.0472255061
  -0.0464175302
  -0.0420562326
  -0.0466984169
  -0.0404397762
  -0.0285802253
  -0.0405442640
  -0.0356963379
  -0.0142020380
  -0.0081646312
  -0.0266209304
   0.0035423302
   0.0007625430
   0.0196998126
  -0.0015085181
   0.0138822367
   0.0011979609
   0.0072892666
   0.0176896590
  -0.0044386082
  -0.0002239151
   0.0082518026
  -0.0269417434
  -0.0374487019
  -0.0456216721
  -0.0343418779
  -0.0507342841
  -0.0534309642
  -0.0493594984
  -0.0444168129
  -0.0541220922
  -0.0553257605
  -0.0529817064
  -0.0404780601
  -0.0500338761
  -0.0529911675
  -0.0486340602
  -0.0341371390
  -0.0445157223
  -0.0341226516
  -0.0246509095
   0.0029983888
   0.0128146237
   0.0039684065
   0.0195388214
   0.0037124621
   0.0029881846
   0.0038548833
   0.0034948944
   0.0043835820
   0.0105614023
  -0.0271222464
   0.0093624017
   0.0118627571
   0.0094070109
   0.0044590803
   0.0040442699
  -0.0002213414
   0.0030625408
   0.0056685942
   0.0036554392
  -0.0062086049
  -0.0354347917
  -0.0032390916
  -0.0028439371
   0.0196024199
   0.0230331465
   0.0171799961
   0.0109283915
   0.0173453935
   0.0242501309
   0.0267144015
   0.0206005858
   0.0097321202
  -0.0099997998
   0.0223979664
   0.0045241137
   0.0046119428
   0.0267065194
   0.0202597629
   0.0077017587
  -0.0157399765
   0.0226025829
   0.0158306507
   0.0085925123
   0.0168938703
   0.0230032413
   0.0189057868
   0.0305796546
   0.0382066425
   0.0320661525
   0.0300075162
   0.0377427074
   0.0318243984
   0.0302250163
   0.0494174588
   0.0369298943
   0.0298741486
   0.0350739137
   0.0357759958
   0.0256992561
   0.0433516844
   0.0251344720
   0.0359730646
   0.0443555437
   0.0254571345
   0.0362852354
   0.0377319339
   0.0267896771
  -0.0245221980
   0.0001444867
   0.0102702084
  -0.0141326862
   0.0024843088
   0.0082702894
   0.0082813586
   0.0053854353
   0.0030984128
  -0.0025402478
   0.0064704399
   0.0067715416
   0.0056602527
   0.0066709960
   0.0054079365
   0.0040438192
   0.0003399467
   0.0071307255
   0.0071164224
  -0.0116295892
   0.0026023049
   0.0085287689
   0.0091922365
  -0.0270750303
  -0.0003912384
  -0.0130384114
   0.0023653548
   0.0105280154
   0.0052037324
  -0.0163870973
   0.0100720908
   0.0047689641
  -0.0177979470
   0.0014598925
  -0.0059424779
  -0.0261741774
  -0.0023595456
   0.0038534601
  -0.0254721235
  -0.0019345206
   0.0040622408
  -0.0257810534
  -0.0052616020
  -0.0064757757
  -0.0349898474
   0.0034930439
  -0.0016981373
  -0.0158636676
   0.0005348935
   0.0017438594
   0.0030168946
  -0.0028272747
   0.0013271172
   0.0026657719
   0.0021880759
   0.0012542695
   0.0022145140
   0.0023511188
  -0.0064671512
   0.0006594145
   0.0021377334
   0.0033821116
  -0.0023948815
  -0.0203971751
  -0.0049626425
  -0.0324577613
   0.0245442517
   0.0238601260
   0.0236664995
   0.0180126538
   0.0253998698
   0.0229645687
   0.0092737210
   0.0203435172
   0.0103222626
   0.0067285442
   0.0194532552
   0.0102874785
   0.0212636936
   0.0126040304
   0.0093614279
  -0.0085228842
  -0.0059136103
  -0.0161404716
  -0.0123323273
  -0.0225882280
  -0.0139826457
  -0.0236049169
  -0.0200252504
   0.0020106004
  -0.0232631844
  -0.0191949186
   0.0031216037
  -0.0127503118
  -0.0207600270
  -0.0114896589
  -0.0133141713
  -0.0087340421
  -0.0046433366
   0.0011145631
   0.0068225758
  -0.0014962899
   0.0089431270
  -0.0001896530
   0.0021171067
   0.0021224123
   0.0045873576
   0.0074837261
   0.0027932992
   0.0042805298
   0.0027711977
  -0.0097752236
  -0.0024247538
  -0.0019514067
  -0.0079487421
   0.0075787069
   0.0006945690
  -0.0129418274
  -0.0140271938
  -0.0258221151
  -0.0220530530
  -0.0277208179
  -0.0335704987
  -0.0289376127
  -0.0271195628
  -0.0354013126
  -0.0362074322
  -0.0281832442
  -0.0359344290
  -0.0365794872
  -0.0300994501
  -0.0351160759
  -0.0301852091
  -0.0190991020
  -0.0292540481
  -0.0259044255
  -0.0189995707
   0.0028547364
  -0.0007427771
   0.0113028776
  -0.0037345773
   0.0081088352
   0.0009958752
   0.0027046549
   0.0100036148
  -0.0051382007
  -0.0019307193
   0.0034227807
  -0.0197228407
  -0.0272225322
  -0.0337094781
  -0.0241491187
  -0.0381580901
  -0.0411905875
  -0.0363123126
  -0.0399235477
  -0.0440412006
  -0.0435166704
  -0.0378994441
  -0.0395846843
  -0.0438604730
  -0.0433295857
  -0.0374853787
  -0.0369026651
  -0.0406415751
  -0.0359391703
  -0.0240351060
  -0.0326610948
  -0.0244049724
  -0.0179880637
   0.0026818765
   0.0075332381
   0.0010504601
   0.0110220484
   0.0009713672
   0.0010857630
   0.0033001582
   0.0013164507
   0.0066207336
   0.0072066588
   0.0084941513
   0.0074121804
   0.0080483344
   0.0023669568
  -0.0018193227
   0.0021895073
   0.0021173536
   0.0027056242
   0.0020962409
   0.0006922438
  -0.0045500364
  -0.0038728170
   0.0157747078
   0.0190435622
   0.0147193557
   0.0091976656
   0.0111283488
   0.0163208130
   0.0203922328
   0.0220075984
   0.0173510904
   0.0100214329
  -0.0017453355
  -0.0086622969
   0.0197508775
   0.0110921522
  -0.0038947843
   0.0204221667
   0.0108454193
  -0.0062969844
   0.0216758790
   0.0168636710
   0.0084642773
  -0.0055656135
   0.0184252304
   0.0136267638
   0.0071694904
   0.0098067799
   0.0156564495
   0.0193518541
   0.0149199814
   0.0264623426
   0.0309756760
   0.0272854727
   0.0255629165
   0.0410857269
   0.0315155443
   0.0275822373
   0.0258119199
   0.0385963121
   0.0311660393
   0.0269097380
   0.0256295386
   0.0374156372
   0.0304619541
   0.0257742186
   0.0287685029
   0.0287775355
   0.0219620998
   0.0354693442
   0.0060184023
   0.0214241332
   0.0294828221
   0.0388756491
   0.0152472447
   0.0257772037
   0.0323322886
   0.0369929218
   0.0220080221
   0.0301132505
   0.0308104328
   0.0232930296
  -0.0098638050
   0.0011977698
   0.0062246703
  -0.0196893252
  -0.0046535670
   0.0032157831
   0.0058065217
   0.0049183500
   0.0033352479
   0.0021148545
  -0.0037855156
   0.0002684946
   0.0045377497
   0.0041450947
   0.0030387485
   0.0039461711
   0.0035110011
   0.0027630094
  -0.0011757001
   0.0016955513
   0.0050950559
   0.0044726036
  -0.0144556574
  -0.0034199999
   0.0035387878
   0.0061590344
   0.0053590594
  -0.0101174400
   0.0011180902
   0.0068444287
  -0.0102140896
  -0.0014820589
   0.0061729356
   0.0002328184
  -0.0182082663
   0.0079844178
   0.0045116137
  -0.0050472398
   0.0056765970
  -0.0004154683
  -0.0023014748
  -0.0092224701
  -0.0073615915
  -0.0002866417
  -0.0125978178
  -0.0018841502
   0.0021394300
  -0.0272286431
  -0.0069299020
  -0.0000011323
  -0.0090829807
  -0.0016076390
   0.0016827610
  -0.0035332822
  -0.0147166108
   0.0014231205
  -0.0004396546
  -0.0068796565
  -0.0174520625
  -0.0008291784
  -0.0004112358
   0.0010361032
  -0.0015183188
  -0.0036506711
   0.0001144088
   0.0003860738
  -0.0001221578
  -0.0001790620
  -0.0000036157
   0.0007505093
  -0.0032877066
  -0.0066630841
  -0.0001343314
  -0.0006256915
   0.0012792696
  -0.0009467309
  -0.0091026201
  -0.0248903185
   0.0014262108
  -0.0033404059
  -0.0152220562
   0.0205023449
   0.0219510930
   0.0201586941
   0.0208055464
   0.0160697936
   0.0079957207
  -0.0101081515
   0.0197589317
   0.0213534177
   0.0258065350
   0.0193849014
   0.0085752966
   0.0169677535
   0.0095005309
   0.0058190001
   0.0154498392
   0.0081117521
   0.0262542819
   0.0106955355
   0.0075748375
   0.0281185665
   0.0120239342
   0.0172386045
   0.0103258871
   0.0081444265
  -0.0050463665
  -0.0042524653
  -0.0103391579
  -0.0074364988
  -0.0147269726
  -0.0088344610
  -0.0157730477
  -0.0132759889
   0.0022519881
  -0.0166454336
  -0.0079322181
  -0.0153398799
  -0.0121886747
  -0.0086917824
  -0.0131452059
  -0.0066169459
  -0.0081368720
  -0.0045481154
  -0.0021661358
   0.0007567533
   0.0044452384
  -0.0016416617
  -0.0003422250
   0.0018163572
   0.0026801152
   0.0039273933
   0.0048955701
   0.0030241155
   0.0023601282
   0.0021707026
  -0.0064708850
  -0.0025650405
  -0.0014447266
  -0.0069336399
   0.0045438404
  -0.0006297596
  -0.0080220410
  -0.0191999875
  -0.0165835287
  -0.0186503671
  -0.0257247293
  -0.0241834721
  -0.0174306266
  -0.0267847184
  -0.0288589822
  -0.0236468760
  -0.0185923629
  -0.0273434577
  -0.0292292394
  -0.0237133685
  -0.0210871449
  -0.0272034512
  -0.0253190703
  -0.0123758121
  -0.0221688996
  -0.0196689850
  -0.0138094554
   0.0018504915
  -0.0012060038
   0.0069062431
  -0.0040927814
   0.0049313604
   0.0004017105
   0.0004852151
   0.0059651099
  -0.0050167416
  -0.0112891842
  -0.0025045687
   0.0010147632
  -0.0148810414
  -0.0208668665
  -0.0265327931
  -0.0176528723
  -0.0266651178
  -0.0329014765
  -0.0321069370
  -0.0279810586
  -0.0348279641
  -0.0361399739
  -0.0336413104
  -0.0250777497
  -0.0345735743
  -0.0359848500
  -0.0334753664
  -0.0321856958
  -0.0317616251
  -0.0235251074
  -0.0256546732
  -0.0183476843
  -0.0135741894
   0.0020454972
   0.0047365452
   0.0001982408
   0.0067186220
  -0.0002956617
   0.0005630318
   0.0024617917
   0.0005740126
   0.0045093734
   0.0051222566
   0.0057519648
  -0.0141293537
  -0.0011904882
   0.0041555799
   0.0059336520
   0.0053446900
   0.0014869901
  -0.0021670647
  -0.0141267758
  -0.0056905866
   0.0000935903
   0.0008720756
  -0.0004689068
  -0.0057731174
  -0.0193416370
   0.0004525590
   0.0005253571
  -0.0009639563
  -0.0045630744
  -0.0040244830
   0.0131250859
   0.0165429591
   0.0118774383
   0.0063834413
   0.0085161591
   0.0138850625
   0.0182150054
   0.0197218937
   0.0151729406
   0.0088584565
  -0.0010519162
   0.0176546522
   0.0100813470
  -0.0021009981
   0.0100763715
  -0.0037336515
   0.0193282475
   0.0147483274
   0.0076383909
  -0.0040917500
   0.0158350505
   0.0107718292
   0.0043291894
   0.0071584445
   0.0131661239
   0.0170495741
   0.0121879793
   0.0235020502
   0.0275365702
   0.0239874888
   0.0224868443
   0.0347037027
   0.0273923520
   0.0241457577
   0.0225905570
   0.0330234788
   0.0271043635
   0.0236340544
   0.0224245897
   0.0319544585
   0.0265046773
   0.0228812132
   0.0255432953
   0.0248276995
   0.0181470096
   0.0310288422
   0.0076746376
   0.0190606498
   0.0256052032
   0.0342605449
   0.0142421213
   0.0224966303
   0.0281126669
   0.0325437095
   0.0087723817
   0.0196462470
   0.0262865417
   0.0268084336
   0.0195068940
  -0.0202721194
  -0.0050932197
   0.0020065148
  -0.0122368727
  -0.0020471174
   0.0028667146
   0.0043141226
   0.0020606082
   0.0009891189
  -0.0053365622
  -0.0015394990
   0.0027746497
   0.0027396441
   0.0014592751
   0.0022726211
   0.0021570009
   0.0014219136
  -0.0028436323
  -0.0001670677
   0.0033189579
   0.0030284107
  -0.0098226429
  -0.0013948152
   0.0031972901
   0.0047131511
  -0.0201462868
  -0.0053075312
   0.0021999113
  -0.0023298511
   0.0035178062
  -0.0029334315
   0.0053201923
   0.0015310820
  -0.0085423939
   0.0031223704
  -0.0035879879
  -0.0030599319
  -0.0094172133
  -0.0103870603
  -0.0026489692
  -0.0160361726
  -0.0047729886
  -0.0002350680
  -0.0100956740
  -0.0024519067
  -0.0095030889
  -0.0022655178
  -0.0094854007
  -0.0244436062
   0.0000580411
  -0.0007224053
  -0.0047423601
  -0.0126814328
  -0.0018668514
  -0.0015356657
  -0.0004105738
  -0.0030353480
  -0.0048944293
  -0.0007954984
  -0.0009250628
  -0.0014257538
  -0.0011566359
  -0.0011961210
  -0.0007492162
  -0.0047521312
  -0.0078172194
  -0.0009235621
  -0.0001667880
  -0.0010432047
  -0.0058976101
  -0.0165718813
  -0.0021722066
  -0.0094566612
  -0.0262008384
   0.0173311761
   0.0188590973
   0.0217438412
   0.0175186070
   0.0181510863
   0.0142205067
   0.0179767966
   0.0138520967
   0.0072825781
  -0.0060593781
   0.0170249242
   0.0182524763
   0.0209418320
   0.0202825746
   0.0164646749
   0.0077529453
   0.0143360054
   0.0054009222
   0.0115668491
   0.0085327021
   0.0052705097
   0.0126643726
   0.0106401484
   0.0046914642
   0.0068357004
   0.0208043909
   0.0081878555
   0.0171107938
   0.0088191715
   0.0225216681
   0.0096804823
   0.0181286088
   0.0143720326
   0.0088427650
   0.0072964572
  -0.0027953035
  -0.0028719109
  -0.0066247994
  -0.0042715755
  -0.0064295201
  -0.0096739648
  -0.0053744202
  -0.0111823050
  -0.0071686527
  -0.0108268093
  -0.0025644875
  -0.0099460115
  -0.0104987271
  -0.0020855641
  -0.0104580370
  -0.0059645688
  -0.0058340294
  -0.0083131592
  -0.0034414606
  -0.0048816453
  -0.0019317201
  -0.0005831785
   0.0007097273
   0.0030308176
  -0.0012884533
  -0.0001614849
   0.0016991069
   0.0028089325
   0.0035545653
   0.0033424633
   0.0029460095
   0.0013934283
   0.0019683210
  -0.0044128005
  -0.0023937060
  -0.0009155878
  -0.0058629416
   0.0027619801
  -0.0010977207
  -0.0048687791
  -0.0136710986
  -0.0122504709
  -0.0116510595
  -0.0186180646
  -0.0191754908
  -0.0144746149
  -0.0194146955
  -0.0224763343
  -0.0204369568
  -0.0191671423
  -0.0231661976
  -0.0229559986
  -0.0204140290
  -0.0231445066
  -0.0208342401
  -0.0142984881
  -0.0203157514
  -0.0205285624
  -0.0085547155
  -0.0163925665
  -0.0149521982
  -0.0102419530
   0.0008963750
  -0.0014010618
  -0.0039237004
   0.0029612131
  -0.0002340220
  -0.0006537348
   0.0035898733
  -0.0047024919
  -0.0086415440
  -0.0026877622
  -0.0002738446
  -0.0115975206
  -0.0161342505
  -0.0203434606
  -0.0245699640
  -0.0261757202
  -0.0228816401
  -0.0262899107
  -0.0292359057
  -0.0286750522
  -0.0243434369
  -0.0279760868
  -0.0301910226
  -0.0297397578
  -0.0264392521
  -0.0256335042
  -0.0289092580
  -0.0284801597
  -0.0241678780
  -0.0233611036
  -0.0256717277
  -0.0228546398
  -0.0195800110
  -0.0140296579
  -0.0106172969
   0.0013736328
   0.0030248489
  -0.0000338233
  -0.0009944901
   0.0003937987
   0.0016415117
   0.0002614610
   0.0031176570
   0.0000696652
   0.0039477748
   0.0037267571
  -0.0068573585
   0.0003866661
   0.0035037744
   0.0044643822
   0.0035260690
   0.0043261710
   0.0033163645
  -0.0003858911
   0.0008974326
  -0.0022298408
  -0.0108161085
  -0.0054310533
  -0.0016360655
  -0.0005118339
  -0.0008312382
  -0.0037836045
  -0.0003760339
  -0.0007674213
  -0.0034906423
  -0.0013818978
  -0.0004731846
  -0.0018937402
  -0.0042678014
  -0.0039779462
   0.0111555254
   0.0141632249
   0.0100307839
   0.0057197685
   0.0073720692
   0.0119624625
   0.0155735085
   0.0168688704
   0.0129079880
   0.0075927287
   0.0001301414
   0.0151320432
   0.0095014159
   0.0012192742
  -0.0016077876
   0.0091474113
  -0.0002737874
   0.0163171175
   0.0123432357
   0.0063889842
  -0.0024514674
   0.0133810789
   0.0089489448
   0.0039326583
   0.0060959111
   0.0111709283
   0.0144803530
   0.0101878604
   0.0239232637
   0.0212590750
   0.0240630096
   0.0214508967
   0.0200526457
   0.0286039104
   0.0239246371
   0.0213047569
   0.0199859025
   0.0278206507
   0.0236180878
   0.0208405785
   0.0269095395
   0.0230941485
   0.0150256692
   0.0260525421
   0.0156034549
   0.0214237167
   0.0296827152
   0.0132624691
   0.0197494693
   0.0244918581
   0.0304458453
   0.0135456318
   0.0199849143
   0.0248234611
   0.0277074516
   0.0163918985
   0.0222959957
  -0.0127270857
  -0.0024824836
  -0.0100348222
  -0.0020036122
   0.0021136335
  -0.0101359128
  -0.0025269573
   0.0015463731
   0.0028814616
   0.0012872900
   0.0001354378
  -0.0046209136
  -0.0020874755
   0.0014438283
   0.0017611326
   0.0004456416
   0.0011745736
   0.0014146340
   0.0005675888
  -0.0026818789
  -0.0008442282
   0.0020002552
   0.0020549917
  -0.0135835681
  -0.0078645053
  -0.0017230148
   0.0019547803
   0.0032277368
  -0.0094707395
  -0.0018146431
   0.0024189683
  -0.0021780584
   0.0022148325
  -0.0030305567
   0.0033045772
  -0.0005867688
   0.0031628754
  -0.0007850838
   0.0018371148
  -0.0036653215
  -0.0027407433
  -0.0100369000
  -0.0035523283
  -0.0178541993
  -0.0069986502
  -0.0021829884
  -0.0176846615
  -0.0069081500
  -0.0021277038
  -0.0098908785
  -0.0034879986
  -0.0088599734
  -0.0184773956
  -0.0015795895
  -0.0053659756
  -0.0126960332
  -0.0010020569
  -0.0015748168
  -0.0046679009
  -0.0102108229
  -0.0149951657
  -0.0021908821
  -0.0020421607
  -0.0013874319
  -0.0034319304
  -0.0045375281
  -0.0014879974
  -0.0017237069
  -0.0021944655
  -0.0015921620
  -0.0017795190
  -0.0017630514
  -0.0049240269
  -0.0067833456
  -0.0016730389
  -0.0028054944
  -0.0011430557
  -0.0019751181
  -0.0058911542
  -0.0136114345
  -0.0005466061
  -0.0017593060
  -0.0057190913
  -0.0141696241
